23 24
23 45
24 25
24 46
25 26
25 47
26 48
26 27
27 28
28 29
29 51
30 52
30 31
31 53
45 67
45 46
46 68
46 47
47 48
47 69
48 70
49 50
49 71
50 72
50 51
51 73
51 52
52 74
52 53
53 75
67 89
67 68
68 90
68 69
69 91
69 70
70 92
70 71
71 72
71 93
72 94
73 74
73 95
74 96
89 90
89 111
90 112
90 91
91 113
91 92
92 93
94 116
94 95
95 96
95 117
96 97
96 118
97 119
111 112
111 133
112 113
115 137
115 116
116 138
116 117
117 139
118 140
118 119
119 141
133 155
133 134
134 156
134 135
135 136
135 157
136 137
137 138
137 159
138 160
138 139
139 161
139 140
140 162
140 141
141 163
155 177
155 156
156 178
156 157
157 179
158 180
159 160
159 181
160 161
160 182
161 162
161 183
162 184
162 163
163 185
177 178
177 199
178 200
178 179
179 201
179 180
180 181
181 203
181 182
182 204
182 183
184 185
199 200
200 201
201 202
202 224
202 203
203 225
224 225
224 246
225 247
244 266
244 245
245 267
246 247
247 248
247 269
248 249
248 270
249 250
249 271
250 272
266 288
266 267
267 289
268 290
268 269
269 291
269 270
270 292
271 272
271 293
272 273
272 294
273 295
288 289
289 311
290 312
290 291
291 313
291 292
292 314
292 293
293 315
293 294
294 316
294 295
295 317
309 331
309 310
310 332
310 311
311 312
311 333
312 334
313 314
313 335
314 336
314 315
315 337
315 316
316 338
316 317
317 339
331 353
331 332
332 354
332 333
334 335
335 336
335 357
336 337
336 358
337 338
337 359
338 360
339 361
353 354
353 375
354 376
357 379
357 358
358 380
358 359
359 360
359 381
360 361
360 382
361 383
362 384
362 363
363 385
367 389
375 376
375 397
376 398
377 399
379 401
379 380
380 402
380 381
381 403
381 382
382 404
383 384
384 385
385 407
387 409
389 411
397 398
398 420
398 399
399 421
400 401
400 422
401 402
401 423
402 424
402 403
403 425
403 404
407 429
409 410
409 431
410 411
420 442
420 421
421 443
421 422
422 444
422 423
423 424
423 445
424 425
425 447
427 449
429 430
430 431
442 443
443 444
444 445
445 446
446 447
447 448
448 449
