22 22
135 367
23 0.447513812155
24 0.447513812155
25 0.447513812155
26 0.447513812155
27 0.447513812155
28 0.447513812155
29 0.447513812155
30 0.447513812155
31 0.447513812155
45 0.447513812155
46 0.447513812155
47 0.447513812155
48 0.447513812155
49 0.447513812155
50 0.447513812155
51 0.447513812155
52 0.447513812155
53 0.447513812155
67 0.447513812155
68 0.447513812155
69 0.447513812155
70 0.447513812155
71 0.447513812155
72 0.447513812155
73 0.447513812155
74 0.447513812155
75 0.447513812155
89 0.447513812155
90 0.447513812155
91 0.447513812155
92 0.447513812155
93 0.447513812155
94 0.447513812155
95 0.447513812155
96 0.447513812155
97 0.447513812155
111 0.447513812155
112 0.447513812155
113 0.447513812155
115 0.447513812155
116 0.447513812155
117 0.447513812155
118 0.447513812155
119 0.447513812155
133 0.447513812155
134 0.447513812155
135 0.447513812155
136 0.447513812155
137 0.447513812155
138 0.447513812155
139 0.447513812155
140 0.447513812155
141 0.447513812155
155 0.447513812155
156 0.447513812155
157 0.447513812155
158 0.447513812155
159 0.447513812155
160 0.447513812155
161 0.447513812155
162 0.447513812155
163 0.447513812155
177 0.447513812155
178 0.447513812155
179 0.447513812155
180 0.447513812155
181 0.447513812155
182 0.447513812155
183 0.447513812155
184 0.447513812155
185 0.447513812155
199 0.447513812155
200 0.447513812155
201 0.447513812155
202 0.447513812155
203 0.447513812155
204 0.447513812155
224 0.447513812155
225 0.447513812155
244 0.447513812155
245 0.447513812155
246 0.447513812155
247 0.447513812155
248 0.447513812155
249 0.447513812155
250 0.447513812155
266 0.447513812155
267 0.447513812155
268 0.447513812155
269 0.447513812155
270 0.447513812155
271 0.447513812155
272 0.447513812155
273 0.447513812155
288 0.447513812155
289 0.447513812155
290 0.447513812155
291 0.447513812155
292 0.447513812155
293 0.447513812155
294 0.447513812155
295 0.447513812155
309 0.447513812155
310 0.447513812155
311 0.447513812155
312 0.447513812155
313 0.447513812155
314 0.447513812155
315 0.447513812155
316 0.447513812155
317 0.447513812155
331 0.447513812155
332 0.447513812155
333 0.447513812155
334 0.447513812155
335 0.447513812155
336 0.447513812155
337 0.447513812155
338 0.447513812155
339 0.447513812155
353 0.447513812155
354 0.447513812155
357 0.447513812155
358 0.447513812155
359 0.447513812155
360 0.447513812155
361 0.447513812155
362 0.447513812155
363 0.447513812155
367 1.0
375 0.447513812155
376 0.447513812155
377 0.447513812155
379 0.443127729282
380 0.447031343039
381 0.447513812155
382 0.447513812155
383 0.447513812155
384 0.447513812155
385 0.447513812155
387 0.447513812155
389 1.0
397 0.447513812155
398 0.447513812155
399 0.447513812155
400 0.447513812155
401 0.397751216022
402 0.0
403 0.398287292818
404 0.447513812155
407 0.447513812155
409 0.447513812155
410 0.447513812155
411 0.447513812155
420 0.447513812155
421 0.447513812155
422 0.447513812155
423 0.447513812155
424 0.447513812155
425 0.447513812155
427 0.447513812155
429 0.447513812155
430 0.447513812155
431 0.447513812155
442 0.447513812155
443 0.447513812155
444 0.447513812155
445 0.447513812155
446 0.447513812155
447 0.447513812155
448 0.447513812155
449 0.447513812155
