0 1
0 20
1 2
1 21
2 3
2 22
3 4
3 23
4 24
4 5
5 25
5 6
6 26
6 7
7 8
7 27
8 9
8 28
9 10
9 29
10 11
10 30
11 12
11 31
12 32
12 13
13 33
13 14
14 34
14 15
15 16
15 35
16 17
16 36
17 18
17 37
18 19
18 38
19 400
19 39
20 40
20 21
21 22
21 41
22 42
22 23
23 24
23 43
24 25
24 44
25 26
25 45
26 27
26 46
27 47
27 28
28 48
28 29
29 30
29 49
30 50
30 31
31 32
31 51
32 33
32 52
33 34
33 53
34 35
34 54
35 55
35 36
36 56
36 37
37 38
37 57
38 58
38 39
39 59
39 420
40 41
40 60
41 42
41 61
42 43
42 62
43 63
43 44
44 64
44 45
45 46
45 65
46 66
46 47
47 48
47 67
48 68
48 49
49 50
49 69
50 51
50 70
51 71
51 52
52 72
52 53
53 54
53 73
54 74
54 55
55 56
55 75
56 76
56 57
57 58
57 77
58 59
58 78
59 440
59 79
60 80
60 61
61 62
61 81
62 82
62 63
63 64
63 83
64 84
64 65
65 66
65 85
66 67
66 86
67 87
67 68
68 88
68 69
69 70
69 89
70 90
70 71
71 72
71 91
72 92
72 73
73 74
73 93
74 75
74 94
75 95
75 76
76 96
76 77
77 78
77 97
78 98
78 79
79 99
79 460
80 81
80 100
81 82
81 101
82 83
82 102
83 103
83 84
84 104
84 85
85 86
85 105
86 106
86 87
87 88
87 107
88 89
88 108
89 90
89 109
90 91
90 110
91 111
91 92
92 112
92 93
93 94
93 113
94 114
94 95
95 96
95 115
96 97
96 116
97 98
97 117
98 99
98 118
99 480
99 119
100 120
100 101
101 102
101 121
102 122
102 103
103 104
103 123
104 105
104 124
105 106
105 125
106 107
106 126
107 127
107 108
108 128
108 109
109 110
109 129
110 130
110 111
111 112
111 131
112 113
112 132
113 114
113 133
114 115
114 134
115 135
115 116
116 136
116 117
117 118
117 137
118 138
118 119
119 500
119 139
120 121
120 140
121 122
121 141
122 123
122 142
123 143
123 124
124 144
124 125
125 126
125 145
126 146
126 127
127 128
127 147
128 129
128 148
129 130
129 149
130 131
130 150
131 151
131 132
132 152
132 133
133 134
133 153
134 154
134 135
135 136
135 155
136 137
136 156
137 138
137 157
138 139
138 158
139 520
139 159
140 160
140 141
141 142
141 161
142 162
142 143
143 144
143 163
144 145
144 164
145 146
145 165
146 147
146 166
147 167
147 148
148 168
148 149
149 150
149 169
150 170
150 151
151 152
151 171
152 153
152 172
153 154
153 173
154 155
154 174
155 175
155 156
156 176
156 157
157 158
157 177
158 178
158 159
159 540
159 179
160 161
160 180
161 162
161 181
162 163
162 182
163 183
163 164
164 184
164 165
165 166
165 185
166 186
166 167
167 168
167 187
168 169
168 188
169 170
169 189
170 171
170 190
171 191
171 172
172 192
172 173
173 174
173 193
174 194
174 175
175 176
175 195
176 177
176 196
177 178
177 197
178 179
178 198
179 199
180 200
180 181
181 182
181 201
182 202
182 183
183 184
183 203
184 185
184 204
185 186
185 205
186 187
186 206
187 207
187 188
188 208
188 189
189 190
189 209
190 210
190 191
191 192
191 211
192 193
192 212
193 194
193 213
194 195
194 214
195 215
195 196
196 216
196 197
197 198
197 217
198 218
198 199
199 219
200 201
200 220
201 202
201 221
202 203
202 222
203 223
203 204
204 224
204 205
205 206
205 225
206 226
206 207
207 208
207 227
208 209
208 228
209 210
209 229
210 211
210 230
211 231
211 212
212 232
212 213
213 214
213 233
214 234
214 215
215 216
215 235
216 217
216 236
217 218
217 237
218 219
218 238
219 239
220 240
220 221
221 222
221 241
222 242
222 223
223 224
223 243
224 225
224 244
225 226
225 245
226 227
226 246
227 247
227 228
228 248
228 229
229 230
229 249
230 250
230 231
231 232
231 251
232 233
232 252
233 234
233 253
234 235
234 254
235 255
235 236
236 256
236 237
237 238
237 257
238 258
238 239
239 259
240 241
240 260
241 242
241 261
242 243
242 262
243 263
243 244
244 264
244 245
245 246
245 265
246 266
246 247
247 248
247 267
248 249
248 268
249 250
249 269
250 251
250 270
251 271
251 252
252 272
252 253
253 254
253 273
254 274
254 255
255 256
255 275
256 257
256 276
257 258
257 277
258 259
258 278
259 279
260 280
260 261
261 262
261 281
262 282
262 263
263 264
263 283
264 265
264 284
265 266
265 285
266 267
266 286
267 287
267 268
268 288
268 269
269 270
269 289
270 290
270 271
271 272
271 291
272 273
272 292
273 274
273 293
274 275
274 294
275 295
275 276
276 296
276 277
277 278
277 297
278 298
278 279
279 299
280 281
280 300
281 282
281 301
282 283
282 302
283 303
283 284
284 304
284 285
285 286
285 305
286 306
286 287
287 288
287 307
288 289
288 308
289 290
289 309
290 291
290 310
291 311
291 292
292 312
292 293
293 294
293 313
294 314
294 295
295 296
295 315
296 297
296 316
297 298
297 317
298 299
298 318
299 319
300 320
300 301
301 302
301 321
302 322
302 303
303 304
303 323
304 324
304 305
305 306
305 325
306 307
306 326
307 327
307 308
308 328
308 309
309 310
309 329
310 330
310 311
311 312
311 331
312 332
312 313
313 314
313 333
314 315
314 334
315 335
315 316
316 336
316 317
317 318
317 337
318 338
318 319
319 339
319 700
320 340
320 321
321 322
321 341
322 323
322 342
323 343
323 324
324 344
324 325
325 326
325 345
326 346
326 327
327 328
327 347
328 348
328 329
329 330
329 349
330 331
330 350
331 351
331 332
332 352
332 333
333 334
333 353
334 354
334 335
335 336
335 355
336 337
336 356
337 338
337 357
338 339
338 358
339 720
339 359
340 360
340 341
341 342
341 361
342 362
342 343
343 344
343 363
344 345
344 364
345 346
345 365
346 347
346 366
347 367
347 348
348 368
348 349
349 350
349 369
350 370
350 351
351 352
351 371
352 353
352 372
353 354
353 373
354 355
354 374
355 375
355 356
356 376
356 357
357 358
357 377
358 378
358 359
359 379
359 740
360 361
360 380
361 362
361 381
362 363
362 382
363 383
363 364
364 384
364 365
365 366
365 385
366 386
366 367
367 368
367 387
368 369
368 388
369 370
369 389
370 371
370 390
371 391
371 372
372 392
372 373
373 374
373 393
374 394
374 375
375 376
375 395
376 377
376 396
377 378
377 397
378 379
378 398
379 760
379 399
380 381
381 382
382 383
383 384
384 385
385 386
386 387
387 388
388 389
389 390
390 391
391 392
392 393
393 394
394 395
395 396
396 397
397 398
398 399
399 780
400 401
400 420
401 402
401 421
402 403
402 422
403 404
403 423
404 424
404 405
405 425
405 406
406 426
406 407
407 408
407 427
408 409
408 428
409 410
409 429
410 411
410 430
411 412
411 431
412 432
412 413
413 433
413 414
414 434
414 415
415 416
415 435
416 417
416 436
417 418
417 437
418 419
418 438
419 439
420 440
420 421
421 422
421 441
422 442
422 423
423 424
423 443
424 425
424 444
425 426
425 445
426 427
426 446
427 447
427 428
428 448
428 429
429 430
429 449
430 450
430 431
431 432
431 451
432 433
432 452
433 434
433 453
434 435
434 454
435 455
435 436
436 456
436 437
437 438
437 457
438 458
438 439
439 459
440 441
440 460
441 442
441 461
442 443
442 462
443 463
443 444
444 464
444 445
445 446
445 465
446 466
446 447
447 448
447 467
448 449
448 468
449 450
449 469
450 451
450 470
451 471
451 452
452 472
452 453
453 454
453 473
454 474
454 455
455 456
455 475
456 457
456 476
457 458
457 477
458 459
458 478
459 479
460 480
460 461
461 462
461 481
462 482
462 463
463 464
463 483
464 465
464 484
465 466
465 485
466 467
466 486
467 487
467 468
468 488
468 469
469 470
469 489
470 490
470 471
471 472
471 491
472 473
472 492
473 474
473 493
474 475
474 494
475 495
475 476
476 496
476 477
477 478
477 497
478 498
478 479
479 499
480 481
480 500
481 482
481 501
482 483
482 502
483 503
483 484
484 504
484 485
485 486
485 505
486 506
486 487
487 488
487 507
488 489
488 508
489 490
489 509
490 491
490 510
491 511
491 492
492 512
492 493
493 494
493 513
494 514
494 495
495 496
495 515
496 497
496 516
497 498
497 517
498 499
498 518
499 519
500 520
500 501
501 502
501 521
502 522
502 503
503 504
503 523
504 505
504 524
505 506
505 525
506 507
506 526
507 527
507 508
508 528
508 509
509 510
509 529
510 530
510 511
511 512
511 531
512 513
512 532
513 514
513 533
514 515
514 534
515 535
515 516
516 536
516 517
517 518
517 537
518 538
518 519
519 539
520 521
520 540
521 522
521 541
522 523
522 542
523 543
523 524
524 544
524 525
525 526
525 545
526 546
526 527
527 528
527 547
528 529
528 548
529 530
529 549
530 531
530 550
531 551
531 532
532 552
532 533
533 534
533 553
534 554
534 535
535 536
535 555
536 537
536 556
537 538
537 557
538 539
538 558
539 559
540 560
540 541
541 542
541 561
542 562
542 543
543 544
543 563
544 545
544 564
545 546
545 565
546 547
546 566
547 567
547 548
548 568
548 549
549 550
549 569
550 570
550 551
551 552
551 571
552 553
552 572
553 554
553 573
554 555
554 574
555 575
555 556
556 576
556 557
557 558
557 577
558 578
558 559
559 579
560 580
560 561
561 562
561 581
562 563
562 582
563 583
563 564
564 584
564 565
565 566
565 585
566 586
566 567
567 568
567 587
568 588
568 569
569 570
569 589
570 571
570 590
571 591
571 572
572 592
572 573
573 574
573 593
574 594
574 575
575 576
575 595
576 596
576 577
577 578
577 597
578 579
578 598
579 599
580 600
580 581
581 582
581 601
582 602
582 583
583 584
583 603
584 604
584 585
585 586
585 605
586 587
586 606
587 607
587 588
588 608
588 589
589 590
589 609
590 610
590 591
591 592
591 611
592 593
592 612
593 594
593 613
594 595
594 614
595 615
595 596
596 616
596 597
597 598
597 617
598 618
598 599
599 619
600 601
600 620
601 602
601 621
602 603
602 622
603 623
603 604
604 624
604 605
605 606
605 625
606 626
606 607
607 608
607 627
608 609
608 628
609 610
609 629
610 611
610 630
611 631
611 612
612 632
612 613
613 614
613 633
614 634
614 615
615 616
615 635
616 617
616 636
617 618
617 637
618 619
618 638
619 639
620 640
620 621
621 622
621 641
622 642
622 623
623 624
623 643
624 625
624 644
625 626
625 645
626 627
626 646
627 647
627 628
628 648
628 629
629 630
629 649
630 650
630 631
631 632
631 651
632 633
632 652
633 634
633 653
634 635
634 654
635 655
635 636
636 656
636 637
637 638
637 657
638 658
638 639
639 659
640 641
640 660
641 642
641 661
642 643
642 662
643 663
643 644
644 664
644 645
645 646
645 665
646 666
646 647
647 648
647 667
648 649
648 668
649 650
649 669
650 651
650 670
651 671
651 652
652 672
652 653
653 654
653 673
654 674
654 655
655 656
655 675
656 657
656 676
657 658
657 677
658 659
658 678
659 679
660 680
660 661
661 662
661 681
662 682
662 663
663 664
663 683
664 665
664 684
665 666
665 685
666 667
666 686
667 687
667 668
668 688
668 669
669 670
669 689
670 690
670 671
671 672
671 691
672 673
672 692
673 674
673 693
674 675
674 694
675 695
675 676
676 696
676 677
677 678
677 697
678 698
678 679
679 699
680 681
680 700
681 682
681 701
682 683
682 702
683 703
683 684
684 704
684 685
685 686
685 705
686 706
686 687
687 688
687 707
688 689
688 708
689 690
689 709
690 691
690 710
691 711
691 692
692 712
692 693
693 694
693 713
694 714
694 695
695 696
695 715
696 697
696 716
697 698
697 717
698 699
698 718
699 719
700 720
700 701
701 702
701 721
702 722
702 703
703 704
703 723
704 705
704 724
705 706
705 725
706 707
706 726
707 727
707 708
708 728
708 709
709 710
709 729
710 730
710 711
711 712
711 731
712 713
712 732
713 714
713 733
714 715
714 734
715 735
715 716
716 736
716 717
717 718
717 737
718 738
718 719
719 739
720 721
720 740
721 722
721 741
722 723
722 742
723 743
723 724
724 744
724 725
725 726
725 745
726 746
726 727
727 728
727 747
728 729
728 748
729 730
729 749
730 731
730 750
731 751
731 732
732 752
732 733
733 734
733 753
734 754
734 735
735 736
735 755
736 737
736 756
737 738
737 757
738 739
738 758
739 759
740 760
740 741
741 742
741 761
742 762
742 743
743 744
743 763
744 745
744 764
745 746
745 765
746 747
746 766
747 767
747 748
748 768
748 749
749 750
749 769
750 770
750 751
751 752
751 771
752 753
752 772
753 754
753 773
754 755
754 774
755 775
755 756
756 776
756 757
757 758
757 777
758 778
758 759
759 779
760 761
760 780
761 762
761 781
762 763
762 782
763 783
763 764
764 784
764 765
765 766
765 785
766 786
766 767
767 768
767 787
768 769
768 788
769 770
769 789
770 771
770 790
771 791
771 772
772 792
772 773
773 774
773 793
774 794
774 775
775 776
775 795
776 777
776 796
777 778
777 797
778 779
778 798
779 799
780 781
781 782
782 783
783 784
784 785
785 786
786 787
787 788
788 789
789 790
790 791
791 792
792 793
793 794
794 795
795 796
796 797
797 798
798 799