14 27
14 15
15 16
15 28
16 29
27 40
27 28
28 41
28 29
29 42
29 30
30 43
30 31
31 44
40 53
41 42
41 54
42 55
43 56
44 45
53 66
53 54
54 67
54 55
55 56
55 68
56 57
56 69
57 70
66 67
67 80
67 68
68 69
69 70
80 93
92 105
92 93
93 106
93 94
94 107
94 95
95 96
95 108
96 109
105 106
105 118
106 107
106 119
107 120
107 108
108 121
108 109
109 122
111 112
112 113
112 125
113 114
114 115
114 127
115 128
118 131
118 119
119 120
119 132
120 121
120 133
121 122
121 134
122 135
124 137
124 125
126 127
127 140
131 132
132 145
132 133
133 134
134 135
135 136
136 137
137 138
137 150
138 151
139 140
144 145
150 151
