0 40
0 1
1 41
1 2
2 42
2 3
3 43
3 4
4 44
4 5
5 45
5 6
6 46
6 7
7 8
7 47
8 48
8 9
9 49
9 10
10 50
10 11
11 51
11 12
12 52
12 13
13 53
13 14
14 54
14 15
15 16
15 55
16 56
16 17
17 57
17 18
18 58
18 19
19 59
19 20
20 60
20 21
21 61
21 22
22 62
22 23
23 24
23 63
24 64
24 25
25 65
25 26
26 66
26 27
27 67
27 28
28 68
28 29
29 69
29 30
30 70
30 31
31 32
31 71
32 72
32 33
33 73
33 34
34 74
34 35
35 75
35 36
36 76
36 37
37 77
37 38
38 78
38 39
39 79
40 41
40 80
41 42
41 81
42 43
42 82
43 83
43 44
44 84
44 45
45 46
45 85
46 86
46 47
47 48
47 87
48 49
48 88
49 50
49 89
50 51
50 90
51 91
51 52
52 92
52 53
53 54
53 93
54 94
54 55
55 56
55 95
56 57
56 96
57 58
57 97
58 59
58 98
59 99
59 60
60 100
60 61
61 62
61 101
62 102
62 63
63 64
63 103
64 65
64 104
65 66
65 105
66 67
66 106
67 107
67 68
68 108
68 69
69 70
69 109
70 110
70 71
71 72
71 111
72 73
72 112
73 74
73 113
74 75
74 114
75 115
75 76
76 116
76 77
77 78
77 117
78 118
78 79
79 119
80 81
80 120
81 82
81 121
82 83
82 122
83 123
83 84
84 124
84 85
85 86
85 125
86 126
86 87
87 88
87 127
88 89
88 128
89 90
89 129
90 91
90 130
91 92
91 131
92 132
92 93
93 94
93 133
94 134
94 95
95 96
95 135
96 97
96 136
97 98
97 137
98 99
98 138
99 100
99 139
100 140
100 101
101 102
101 141
102 142
102 103
103 104
103 143
104 105
104 144
105 106
105 145
106 107
106 146
107 108
107 147
108 148
108 109
109 110
109 149
110 150
110 111
111 112
111 151
112 113
112 152
113 114
113 153
114 115
114 154
115 116
115 155
116 156
116 117
117 118
117 157
118 158
118 119
119 159
120 121
120 160
121 122
121 161
122 123
122 162
123 124
123 163
124 164
124 125
125 126
125 165
126 166
126 127
127 128
127 167
128 129
128 168
129 130
129 169
130 131
130 170
131 132
131 171
132 172
132 133
133 134
133 173
134 174
134 135
135 136
135 175
136 137
136 176
137 138
137 177
138 139
138 178
139 140
139 179
140 180
140 141
141 142
141 181
142 182
142 143
143 144
143 183
144 145
144 184
145 146
145 185
146 147
146 186
147 148
147 187
148 188
148 149
149 150
149 189
150 190
150 151
151 152
151 191
152 153
152 192
153 154
153 193
154 155
154 194
155 156
155 195
156 196
156 157
157 158
157 197
158 198
158 159
159 199
160 161
160 200
161 162
161 201
162 163
162 202
163 164
163 203
164 204
164 165
165 166
165 205
166 206
166 167
167 168
167 207
168 169
168 208
169 170
169 209
170 171
170 210
171 172
171 211
172 212
172 173
173 174
173 213
174 214
174 175
175 176
175 215
176 177
176 216
177 178
177 217
178 179
178 218
179 180
179 219
180 220
180 181
181 182
181 221
182 222
182 183
183 184
183 223
184 185
184 224
185 186
185 225
186 187
186 226
187 188
187 227
188 228
188 189
189 190
189 229
190 230
190 191
191 192
191 231
192 193
192 232
193 194
193 233
194 195
194 234
195 196
195 235
196 236
196 197
197 198
197 237
198 238
198 199
199 239
200 201
200 240
201 202
201 241
202 203
202 242
203 204
203 243
204 244
204 205
205 206
205 245
206 246
206 207
207 208
207 247
208 209
208 248
209 210
209 249
210 211
210 250
211 212
211 251
212 252
212 213
213 214
213 253
214 254
214 215
215 216
215 255
216 217
216 256
217 218
217 257
218 219
218 258
219 259
219 220
220 260
220 221
221 222
221 261
222 262
222 223
223 224
223 263
224 225
224 264
225 226
225 265
226 227
226 266
227 267
227 228
228 268
228 229
229 230
229 269
230 270
230 231
231 232
231 271
232 233
232 272
233 234
233 273
234 235
234 274
235 275
235 236
236 276
236 237
237 238
237 277
238 278
238 239
239 279
240 241
240 280
241 242
241 281
242 243
242 282
243 283
243 244
244 284
244 245
245 246
245 285
246 286
246 247
247 248
247 287
248 249
248 288
249 250
249 289
250 251
250 290
251 291
251 252
252 292
252 253
253 254
253 293
254 294
254 255
255 256
255 295
256 257
256 296
257 258
257 297
258 259
258 298
259 299
259 260
260 300
260 261
261 262
261 301
262 302
262 263
263 264
263 303
264 265
264 304
265 266
265 305
266 267
266 306
267 307
267 268
268 308
268 269
269 270
269 309
270 310
270 271
271 272
271 311
272 273
272 312
273 274
273 313
274 275
274 314
275 315
275 276
276 316
276 277
277 278
277 317
278 318
278 279
279 319
280 281
280 320
281 282
281 321
282 283
282 322
283 323
283 284
284 324
284 285
285 286
285 325
286 326
286 287
287 288
287 327
288 289
288 328
289 290
289 329
290 291
290 330
291 331
291 292
292 332
292 293
293 294
293 333
294 334
294 295
295 296
295 335
296 297
296 336
297 298
297 337
298 299
298 338
299 339
299 300
300 340
300 301
301 302
301 341
302 342
302 303
303 304
303 343
304 305
304 344
305 306
305 345
306 307
306 346
307 347
307 308
308 348
308 309
309 310
309 349
310 350
310 311
311 312
311 351
312 313
312 352
313 314
313 353
314 315
314 354
315 355
315 316
316 356
316 317
317 318
317 357
318 358
318 319
319 359
320 321
320 360
321 322
321 361
322 323
322 362
323 363
323 324
324 364
324 325
325 326
325 365
326 366
326 327
327 328
327 367
328 329
328 368
329 330
329 369
330 331
330 370
331 371
331 332
332 372
332 333
333 334
333 373
334 374
334 335
335 336
335 375
336 337
336 376
337 338
337 377
338 339
338 378
339 379
339 340
340 380
340 341
341 342
341 381
342 382
342 343
343 344
343 383
344 345
344 384
345 346
345 385
346 347
346 386
347 348
347 387
348 388
348 349
349 350
349 389
350 390
350 351
351 352
351 391
352 353
352 392
353 354
353 393
354 355
354 394
355 356
355 395
356 396
356 357
357 358
357 397
358 398
358 359
359 399
360 361
360 400
361 362
361 401
362 363
362 402
363 364
363 403
364 404
364 365
365 366
365 405
366 406
366 367
367 368
367 407
368 369
368 408
369 370
369 409
370 371
370 410
371 372
371 411
372 412
372 373
373 374
373 413
374 414
374 375
375 376
375 415
376 377
376 416
377 378
377 417
378 379
378 418
379 380
379 419
380 420
380 381
381 382
381 421
382 422
382 383
383 384
383 423
384 385
384 424
385 386
385 425
386 387
386 426
387 388
387 427
388 428
388 389
389 390
389 429
390 430
390 391
391 392
391 431
392 393
392 432
393 394
393 433
394 395
394 434
395 396
395 435
396 436
396 397
397 398
397 437
398 438
398 399
399 439
400 401
400 440
401 402
401 441
402 403
402 442
403 404
403 443
404 444
404 405
405 406
405 445
406 446
406 407
407 408
407 447
408 409
408 448
409 410
409 449
410 411
410 450
411 412
411 451
412 452
412 413
413 414
413 453
414 454
414 415
415 416
415 455
416 417
416 456
417 418
417 457
418 419
418 458
419 420
419 459
420 460
420 421
421 422
421 461
422 462
422 423
423 424
423 463
424 425
424 464
425 426
425 465
426 427
426 466
427 428
427 467
428 468
428 429
429 430
429 469
430 470
430 431
431 432
431 471
432 433
432 472
433 434
433 473
434 435
434 474
435 436
435 475
436 476
436 437
437 438
437 477
438 478
438 439
439 479
440 441
440 480
441 442
441 481
442 443
442 482
443 444
443 483
444 484
444 445
445 446
445 485
446 486
446 447
447 448
447 487
448 449
448 488
449 450
449 489
450 451
450 490
451 452
451 491
452 492
452 453
453 454
453 493
454 494
454 455
455 456
455 495
456 457
456 496
457 458
457 497
458 459
458 498
459 460
459 499
460 500
460 461
461 462
461 501
462 502
462 463
463 464
463 503
464 465
464 504
465 466
465 505
466 467
466 506
467 468
467 507
468 508
468 469
469 470
469 509
470 510
470 471
471 472
471 511
472 473
472 512
473 474
473 513
474 475
474 514
475 515
475 476
476 516
476 477
477 478
477 517
478 518
478 479
479 519
480 481
480 520
481 482
481 521
482 483
482 522
483 523
483 484
484 524
484 485
485 486
485 525
486 526
486 487
487 488
487 527
488 489
488 528
489 490
489 529
490 491
490 530
491 531
491 492
492 532
492 493
493 494
493 533
494 534
494 495
495 496
495 535
496 497
496 536
497 498
497 537
498 499
498 538
499 539
499 500
500 540
500 501
501 502
501 541
502 542
502 503
503 504
503 543
504 505
504 544
505 506
505 545
506 507
506 546
507 547
507 508
508 548
508 509
509 510
509 549
510 550
510 511
511 512
511 551
512 513
512 552
513 514
513 553
514 515
514 554
515 555
515 516
516 556
516 517
517 518
517 557
518 558
518 519
519 559
520 521
520 560
521 522
521 561
522 523
522 562
523 563
523 524
524 564
524 525
525 526
525 565
526 566
526 527
527 528
527 567
528 529
528 568
529 530
529 569
530 531
530 570
531 571
531 532
532 572
532 533
533 534
533 573
534 574
534 535
535 536
535 575
536 537
536 576
537 538
537 577
538 539
538 578
539 579
539 540
540 580
540 541
541 542
541 581
542 582
542 543
543 544
543 583
544 545
544 584
545 546
545 585
546 547
546 586
547 587
547 548
548 588
548 549
549 550
549 589
550 590
550 551
551 552
551 591
552 553
552 592
553 554
553 593
554 555
554 594
555 595
555 556
556 596
556 557
557 558
557 597
558 598
558 559
559 599
560 561
560 600
561 562
561 601
562 563
562 602
563 603
563 564
564 604
564 565
565 566
565 605
566 606
566 567
567 568
567 607
568 569
568 608
569 570
569 609
570 571
570 610
571 611
571 572
572 612
572 573
573 574
573 613
574 614
574 575
575 576
575 615
576 577
576 616
577 578
577 617
578 579
578 618
579 619
579 580
580 620
580 581
581 582
581 621
582 622
582 583
583 584
583 623
584 585
584 624
585 586
585 625
586 587
586 626
587 627
587 588
588 628
588 589
589 590
589 629
590 630
590 591
591 592
591 631
592 593
592 632
593 594
593 633
594 595
594 634
595 635
595 596
596 636
596 597
597 598
597 637
598 638
598 599
599 639
600 601
600 640
601 602
601 641
602 603
602 642
603 604
603 643
604 644
604 605
605 606
605 645
606 646
606 607
607 608
607 647
608 609
608 648
609 610
609 649
610 611
610 650
611 612
611 651
612 652
612 613
613 614
613 653
614 654
614 615
615 616
615 655
616 617
616 656
617 618
617 657
618 619
618 658
619 620
619 659
620 660
620 621
621 622
621 661
622 662
622 623
623 624
623 663
624 625
624 664
625 626
625 665
626 627
626 666
627 628
627 667
628 668
628 629
629 630
629 669
630 670
630 631
631 632
631 671
632 633
632 672
633 634
633 673
634 635
634 674
635 636
635 675
636 676
636 637
637 638
637 677
638 678
638 639
639 679
640 641
640 680
641 642
641 681
642 643
642 682
643 644
643 683
644 684
644 645
645 646
645 685
646 686
646 647
647 648
647 687
648 649
648 688
649 650
649 689
650 651
650 690
651 652
651 691
652 692
652 653
653 654
653 693
654 694
654 655
655 656
655 695
656 657
656 696
657 658
657 697
658 659
658 698
659 660
659 699
660 700
660 661
661 662
661 701
662 702
662 663
663 664
663 703
664 665
664 704
665 666
665 705
666 667
666 706
667 668
667 707
668 708
668 669
669 670
669 709
670 710
670 671
671 672
671 711
672 673
672 712
673 674
673 713
674 675
674 714
675 676
675 715
676 716
676 677
677 678
677 717
678 718
678 679
679 719
680 681
680 720
681 682
681 721
682 683
682 722
683 684
683 723
684 724
684 685
685 686
685 725
686 726
686 687
687 688
687 727
688 689
688 728
689 690
689 729
690 691
690 730
691 692
691 731
692 732
692 693
693 694
693 733
694 734
694 695
695 696
695 735
696 697
696 736
697 698
697 737
698 699
698 738
699 700
699 739
700 740
700 701
701 702
701 741
702 742
702 703
703 704
703 743
704 705
704 744
705 706
705 745
706 707
706 746
707 708
707 747
708 748
708 709
709 710
709 749
710 750
710 711
711 712
711 751
712 713
712 752
713 714
713 753
714 715
714 754
715 716
715 755
716 756
716 717
717 718
717 757
718 758
718 719
719 759
720 721
720 760
721 722
721 761
722 723
722 762
723 724
723 763
724 764
724 725
725 726
725 765
726 766
726 727
727 728
727 767
728 729
728 768
729 730
729 769
730 731
730 770
731 771
731 732
732 772
732 733
733 734
733 773
734 774
734 735
735 736
735 775
736 737
736 776
737 738
737 777
738 739
738 778
739 779
739 740
740 780
740 741
741 742
741 781
742 782
742 743
743 744
743 783
744 745
744 784
745 746
745 785
746 747
746 786
747 787
747 748
748 788
748 749
749 750
749 789
750 790
750 751
751 752
751 791
752 753
752 792
753 754
753 793
754 755
754 794
755 795
755 756
756 796
756 757
757 758
757 797
758 798
758 759
759 799
760 761
761 762
762 763
763 764
764 765
765 766
766 767
767 768
768 769
769 770
770 771
771 772
772 773
773 774
774 775
775 776
776 777
777 778
778 779
779 780
780 781
781 782
782 783
783 784
784 785
785 786
786 787
787 788
788 789
789 790
790 791
791 792
792 793
793 794
794 795
795 796
796 797
797 798
798 799
